origin	dest	demand
1	2	179
1	3	37
1	4	113
1	5	93
1	6	277
1	7	358
1	8	54
1	9	291
1	10	374
1	11	8
1	12	347
1	13	463
1	14	198
1	15	481
1	16	147
1	17	100
1	18	121
1	19	281
1	20	4
1	21	19
1	22	352
1	23	37
1	24	46
1	26	291
1	27	220
1	28	298
1	29	428
1	30	199
1	31	59
1	32	91
1	33	43
1	34	81
1	35	478
1	36	44
1	37	277
1	38	171
1	39	87
1	40	442
1	41	158
1	42	53
1	43	432
1	44	291
1	45	230
1	46	5
1	47	50
1	48	47
1	50	247
1	51	491
1	52	195
1	53	129
1	54	337
1	55	182
1	56	380
1	57	106
1	58	371
1	59	465
1	60	290
1	61	420
1	62	57
1	63	143
1	64	202
1	65	230
1	66	476
1	67	484
1	68	15
1	69	213
1	70	250
1	71	84
1	72	409
2	1	182
2	3	256
2	4	161
2	5	276
2	6	38
2	7	402
2	8	499
2	9	49
2	10	331
2	11	282
2	12	32
2	13	138
2	14	381
2	15	312
2	16	342
2	17	323
2	18	75
2	19	499
2	20	193
2	21	192
2	22	346
2	23	480
2	24	424
2	25	8
2	27	418
2	29	83
2	30	473
2	31	241
2	32	72
2	33	22
2	34	342
2	35	267
2	36	422
2	37	87
2	38	407
2	39	269
2	40	172
2	41	292
2	42	489
2	43	28
2	44	280
2	45	93
2	46	425
2	47	128
2	48	355
2	49	164
2	51	23
2	52	293
2	53	219
2	54	449
2	55	38
2	56	64
2	57	447
2	58	1
2	59	120
2	60	118
2	61	151
2	62	294
2	63	333
2	64	165
2	65	282
2	66	92
2	67	123
2	68	384
2	69	480
2	70	451
2	71	191
2	72	192
3	1	201
3	2	345
3	4	42
3	5	488
3	6	146
3	7	298
3	8	248
3	9	110
3	10	201
3	11	25
3	12	88
3	13	168
3	14	104
3	15	324
3	16	309
3	17	457
3	18	408
3	19	214
3	20	429
3	21	159
3	22	383
3	23	192
3	24	358
3	25	179
3	26	318
3	28	135
3	29	409
3	30	454
3	31	245
3	32	451
3	33	414
3	34	261
3	35	104
3	36	20
3	37	378
3	38	340
3	39	223
3	40	431
3	41	40
3	42	401
3	43	354
3	44	115
3	45	316
3	46	282
3	47	23
3	48	118
3	49	404
3	50	133
3	52	41
3	53	171
3	54	325
3	55	93
3	56	149
3	57	494
3	58	331
3	59	41
3	60	16
3	61	384
3	62	203
3	63	480
3	64	215
3	65	119
3	66	182
3	67	340
3	68	143
3	69	239
3	70	274
3	71	471
3	72	468
4	1	330
4	2	350
4	3	384
4	5	4
4	6	439
4	7	139
4	8	8
4	9	191
4	10	114
4	11	242
4	12	357
4	13	141
4	14	186
4	15	84
4	16	164
4	17	40
4	18	76
4	19	115
4	20	132
4	21	194
4	22	70
4	23	84
4	24	454
4	25	482
4	26	402
4	27	47
4	29	476
4	30	54
4	31	281
4	32	2
4	33	292
4	34	349
4	35	23
4	36	24
4	37	133
4	38	249
4	39	388
4	40	328
4	41	324
4	42	188
4	43	252
4	44	333
4	45	209
4	46	415
4	47	307
4	48	230
4	49	462
4	50	280
4	51	370
4	53	347
4	54	160
4	55	209
4	56	15
4	57	348
4	58	208
4	59	292
4	60	44
4	61	50
4	62	454
4	63	53
4	64	195
4	65	122
4	66	202
4	67	68
4	68	107
4	69	249
4	70	134
4	71	37
4	72	406
5	2	136
5	3	188
5	4	89
5	6	211
5	7	256
5	8	39
5	9	490
5	10	341
5	11	325
5	12	89
5	13	250
5	14	369
5	15	421
5	16	384
5	17	471
5	18	416
5	19	99
5	20	94
5	21	50
5	22	447
5	23	102
5	24	373
5	25	429
5	26	374
5	27	195
5	28	363
5	30	67
5	31	88
5	32	41
5	33	347
5	34	422
5	35	32
5	36	191
5	37	438
5	38	399
5	39	131
5	40	215
5	41	4
5	42	193
5	43	447
5	44	63
5	45	460
5	46	361
5	47	296
5	48	477
5	49	395
5	50	165
5	51	478
5	52	323
5	54	10
5	55	426
5	56	111
5	57	43
5	58	118
5	59	427
5	60	497
5	61	327
5	62	155
5	63	230
5	64	208
5	65	227
5	66	492
5	67	145
5	68	215
5	69	117
5	70	120
5	71	193
5	72	154
6	1	225
6	2	494
6	3	463
6	4	203
6	5	154
6	7	431
6	8	367
6	9	117
6	10	384
6	11	33
6	12	451
6	13	427
6	14	351
6	15	238
6	16	155
6	17	22
6	18	409
6	19	456
6	20	427
6	21	326
6	22	474
6	23	137
6	24	250
6	25	478
6	26	422
6	27	211
6	28	320
6	29	332
6	31	173
6	32	379
6	33	465
6	34	280
6	35	408
6	36	499
6	37	462
6	38	220
6	39	8
6	40	487
6	41	178
6	42	103
6	43	353
6	44	362
6	45	371
6	46	427
6	47	440
6	48	439
6	49	193
6	50	452
6	51	159
6	52	295
6	53	119
6	55	5
6	56	56
6	57	156
6	58	491
6	59	59
6	60	496
6	61	387
6	62	22
6	63	232
6	64	37
6	65	200
6	66	1
6	67	215
6	68	405
6	69	304
6	70	431
6	71	326
6	72	376
7	1	240
7	2	95
7	3	153
7	4	337
7	5	456
7	6	73
7	8	209
7	9	374
7	10	325
7	11	392
7	12	193
7	13	166
7	14	358
7	15	54
7	16	196
7	17	71
7	18	25
7	19	10
7	20	145
7	21	126
7	22	77
7	23	171
7	24	423
7	25	170
7	26	99
7	27	214
7	28	217
7	29	180
7	30	457
7	32	153
7	33	416
7	34	205
7	35	472
7	36	301
7	37	138
7	38	310
7	39	431
7	40	330
7	41	233
7	42	302
7	43	155
7	44	9
7	45	123
7	46	428
7	47	291
7	48	205
7	49	70
7	50	246
7	51	185
7	52	121
7	53	227
7	54	456
7	56	97
7	57	144
7	58	279
7	59	88
7	60	221
7	61	146
7	62	68
7	63	65
7	64	264
7	65	110
7	66	13
7	67	278
7	68	36
7	69	228
7	70	434
7	71	457
7	72	142
8	1	53
8	2	32
8	3	153
8	4	299
8	5	70
8	6	262
8	7	401
8	9	128
8	10	411
8	11	92
8	12	390
8	13	374
8	14	135
8	15	12
8	16	465
8	17	413
8	18	387
8	19	31
8	20	352
8	21	27
8	22	483
8	23	162
8	24	340
8	25	156
8	26	285
8	27	192
8	28	341
8	29	276
8	30	21
8	31	354
8	33	191
8	34	296
8	35	343
8	36	88
8	37	183
8	38	394
8	39	408
8	40	18
8	41	135
8	42	226
8	43	151
8	44	158
8	45	313
8	46	488
8	47	308
8	48	151
8	49	419
8	50	110
8	51	187
8	52	338
8	53	190
8	54	151
8	55	261
8	57	383
8	58	497
8	59	149
8	60	417
8	61	88
8	62	326
8	63	273
8	64	456
8	65	162
8	66	147
8	67	359
8	68	12
8	69	305
8	70	229
8	71	398
8	72	203
9	1	332
9	2	420
9	3	200
9	4	264
9	5	138
9	6	255
9	7	124
9	8	154
9	10	54
9	11	155
9	12	376
9	13	236
9	14	388
9	15	425
9	16	482
9	17	56
9	18	56
9	19	68
9	20	83
9	21	253
9	22	241
9	23	411
9	24	374
9	25	285
9	26	483
9	27	303
9	28	91
9	29	370
9	30	133
9	31	407
9	32	484
9	34	212
9	35	21
9	36	424
9	37	314
9	38	411
9	39	415
9	40	418
9	41	81
9	42	402
9	43	246
9	44	396
9	45	208
9	46	381
9	47	26
9	48	282
9	49	207
9	50	104
9	51	189
9	52	350
9	53	101
9	54	2
9	55	146
9	56	171
9	58	359
9	59	481
9	60	59
9	61	396
9	62	293
9	63	161
9	64	380
9	65	169
9	66	215
9	67	419
9	68	226
9	69	399
9	70	500
9	71	168
9	72	432
10	1	254
10	2	301
10	3	284
10	4	219
10	5	428
10	6	2
10	7	451
10	8	288
10	9	132
10	11	209
10	12	425
10	13	476
10	14	61
10	15	33
10	16	196
10	17	429
10	18	187
10	19	224
10	20	490
10	21	286
10	22	124
10	23	256
10	24	264
10	25	346
10	26	183
10	27	45
10	28	287
10	29	68
10	30	432
10	31	193
10	32	378
10	33	121
10	35	57
10	36	491
10	37	193
10	38	476
10	39	30
10	40	334
10	41	262
10	42	29
10	43	392
10	44	348
10	45	332
10	46	433
10	47	251
10	48	219
10	49	458
10	50	496
10	51	169
10	52	173
10	53	346
10	54	250
10	55	111
10	56	456
10	57	60
10	59	103
10	60	248
10	61	19
10	62	422
10	63	29
10	64	42
10	65	237
10	66	270
10	67	156
10	68	126
10	69	340
10	70	38
10	71	338
10	72	175
11	1	394
11	2	307
11	3	322
11	4	92
11	5	320
11	6	423
11	7	51
11	8	442
11	9	333
11	10	251
11	12	347
11	13	197
11	14	38
11	15	225
11	16	387
11	17	420
11	18	188
11	19	57
11	20	351
11	21	153
11	22	60
11	23	229
11	24	72
11	25	493
11	26	146
11	27	313
11	28	281
11	29	13
11	30	271
11	31	93
11	32	295
11	33	74
11	36	280
11	37	44
11	38	472
11	39	235
11	40	247
11	41	397
11	42	238
11	43	85
11	44	425
11	45	140
11	46	175
11	47	214
11	48	5
11	49	322
11	50	109
11	51	28
11	52	172
11	53	377
11	54	82
11	55	266
11	56	268
11	57	227
11	58	329
11	60	362
11	61	357
11	62	1
11	63	283
11	64	455
11	65	361
11	66	2
11	67	153
11	68	489
11	69	87
11	70	40
11	71	25
11	72	448
12	1	181
12	2	190
12	3	147
12	4	236
12	5	363
12	6	411
12	7	100
12	8	207
12	9	43
12	10	154
12	11	449
12	13	327
12	14	250
12	15	319
12	16	169
12	17	332
12	18	94
12	19	476
12	20	402
12	21	128
12	22	366
12	23	370
12	24	344
12	25	433
12	26	217
12	27	3
12	28	469
12	29	314
12	30	39
12	31	467
12	32	488
12	33	205
12	34	474
12	35	449
12	37	11
12	38	199
12	39	27
12	40	150
12	41	465
12	42	499
12	43	7
12	44	88
12	45	40
12	46	170
12	47	251
12	48	185
12	49	147
12	50	433
12	51	341
12	52	430
12	53	452
12	54	151
12	55	429
12	56	342
12	57	345
12	58	62
12	59	311
12	61	258
12	62	451
12	63	334
12	64	199
12	65	218
12	66	228
12	67	406
12	68	273
12	69	491
12	70	183
12	71	233
12	72	247
13	1	19
13	2	60
13	3	180
13	4	269
13	5	294
13	6	313
13	7	358
13	8	115
13	9	48
13	10	469
13	11	115
13	12	116
13	14	5
13	15	346
13	16	150
13	17	264
13	18	419
13	19	4
13	20	491
13	21	81
13	22	122
13	23	140
13	24	325
13	25	316
13	26	134
13	27	389
13	28	224
13	29	174
13	30	177
13	31	168
13	32	349
13	33	71
13	34	91
13	35	493
13	36	472
13	38	491
13	39	41
13	40	271
13	41	354
13	42	38
13	43	151
13	44	21
13	45	217
13	46	329
13	47	263
13	48	302
13	49	155
13	50	105
13	51	94
13	52	297
13	53	273
13	54	306
13	55	95
13	56	301
13	57	417
13	58	172
13	59	202
13	60	450
13	62	269
13	63	323
13	64	75
13	65	96
13	66	332
13	67	190
13	68	344
13	69	73
13	70	97
13	71	162
13	72	103
14	1	395
14	2	79
14	3	488
14	4	88
14	5	344
14	7	36
14	8	290
14	9	140
14	10	318
14	11	255
14	12	85
14	13	175
14	15	465
14	16	241
14	17	97
14	18	247
14	19	167
14	20	291
14	21	280
14	22	178
14	23	22
14	24	275
14	25	117
14	26	327
14	27	9
14	28	170
14	29	22
14	30	329
14	31	434
14	32	300
14	33	433
14	34	189
14	35	388
14	36	315
14	37	395
14	39	14
14	40	411
14	41	48
14	42	419
14	43	371
14	44	293
14	45	151
14	46	295
14	47	349
14	48	115
14	49	207
14	50	437
14	51	10
14	52	100
14	53	73
14	54	295
14	55	247
14	56	95
14	57	471
14	58	74
14	59	231
14	60	51
14	61	165
14	63	440
14	64	429
14	65	19
14	66	325
14	67	122
14	68	69
14	69	69
14	70	457
14	71	19
14	72	337
15	1	75
15	2	308
15	3	103
15	4	161
15	5	310
15	6	30
15	7	289
15	8	324
15	9	247
15	10	470
15	11	311
15	12	118
15	13	177
15	14	113
15	16	223
15	17	330
15	18	456
15	19	367
15	20	221
15	21	287
15	22	139
15	23	167
15	24	143
15	25	131
15	26	142
15	27	5
15	28	190
15	29	225
15	30	451
15	31	115
15	32	261
15	33	209
15	34	54
15	35	199
15	36	181
15	37	183
15	38	186
15	40	36
15	41	109
15	42	317
15	43	58
15	44	283
15	45	367
15	46	162
15	47	494
15	48	247
15	49	66
15	50	453
15	51	60
15	52	110
15	53	437
15	54	184
15	55	347
15	56	292
15	57	44
15	58	308
15	59	158
15	60	29
15	61	266
15	62	26
15	64	112
15	65	456
15	66	295
15	67	6
15	68	378
15	69	290
15	70	357
15	71	210
15	72	17
16	1	285
16	2	234
16	3	480
16	4	444
16	5	228
16	6	136
16	7	294
16	8	329
16	9	416
16	10	390
16	11	458
16	12	295
16	13	309
16	14	343
16	15	483
16	17	78
16	18	107
16	19	477
16	20	31
16	21	13
16	22	438
16	23	330
16	24	219
16	25	207
16	26	258
16	27	416
16	28	443
16	29	395
16	30	416
16	31	462
16	32	345
16	33	173
16	34	478
16	35	332
16	36	116
16	37	297
16	38	454
16	39	296
16	41	152
16	42	444
16	43	252
16	44	241
16	45	167
16	46	350
16	47	79
16	48	428
16	49	413
16	50	285
16	51	241
16	52	396
16	53	91
16	54	332
16	55	211
16	56	272
16	57	229
16	58	469
16	59	491
16	60	117
16	61	258
16	62	254
16	63	81
16	65	4
16	66	417
16	67	322
16	68	214
16	69	227
16	70	109
16	71	473
16	72	436
17	1	163
17	2	241
17	3	434
17	4	166
17	5	167
17	6	398
17	7	74
17	8	400
17	9	190
17	10	354
17	11	141
17	12	203
17	13	218
17	14	317
17	15	447
17	16	457
17	18	222
17	19	481
17	20	462
17	21	248
17	22	118
17	23	373
17	24	284
17	25	467
17	26	371
17	27	305
17	28	448
17	29	438
17	30	92
17	31	275
17	32	201
17	33	244
17	34	236
17	35	473
17	36	134
17	37	266
17	38	213
17	39	72
17	40	226
17	42	143
17	43	36
17	44	226
17	45	101
17	46	83
17	47	479
17	48	110
17	49	100
17	50	369
17	51	104
17	52	75
17	53	471
17	54	293
17	55	6
17	56	454
17	57	356
17	58	136
17	59	191
17	60	125
17	61	451
17	62	171
17	63	340
17	64	398
17	66	156
17	67	98
17	68	219
17	69	242
17	70	217
17	71	350
17	72	398
18	1	76
18	2	251
18	3	120
18	4	200
18	5	230
18	6	212
18	7	427
18	8	308
18	9	241
18	10	321
18	11	309
18	12	141
18	13	45
18	14	199
18	15	292
18	16	162
18	17	16
18	19	259
18	20	59
18	21	263
18	22	125
18	23	155
18	24	340
18	25	428
18	26	79
18	27	33
18	28	334
18	29	452
18	30	370
18	31	224
18	32	410
18	33	406
18	34	263
18	35	337
18	36	298
18	37	114
18	38	118
18	39	368
18	40	9
18	41	55
18	43	74
18	44	27
18	45	150
18	46	212
18	47	447
18	48	375
18	49	424
18	50	156
18	51	130
18	52	105
18	53	92
18	54	360
18	55	263
18	56	261
18	57	34
18	58	231
18	59	37
18	60	89
18	61	66
18	62	110
18	63	169
18	64	325
18	65	413
18	67	267
18	68	79
18	69	423
18	70	81
18	71	430
18	72	355
19	1	208
19	2	158
19	3	228
19	4	495
19	5	85
19	6	57
19	7	41
19	8	293
19	9	64
19	10	183
19	11	344
19	12	473
19	13	500
19	14	299
19	15	149
19	16	481
19	17	207
19	18	125
19	20	461
19	21	430
19	22	253
19	23	319
19	24	349
19	25	33
19	26	51
19	27	158
19	28	429
19	29	418
19	30	47
19	31	443
19	32	173
19	33	388
19	34	343
19	35	475
19	36	405
19	37	282
19	38	445
19	39	496
19	40	368
19	41	54
19	42	435
19	44	100
19	45	454
19	46	309
19	47	130
19	48	482
19	49	320
19	50	455
19	51	456
19	52	64
19	53	295
19	54	122
19	55	432
19	56	193
19	57	298
19	58	446
19	59	316
19	60	402
19	61	450
19	62	282
19	63	446
19	64	434
19	65	248
19	66	167
19	68	166
19	69	151
19	70	208
19	71	431
19	72	420
20	1	373
20	2	424
20	3	423
20	4	107
20	5	141
20	6	474
20	7	231
20	8	174
20	9	382
20	10	110
20	11	79
20	12	23
20	13	44
20	14	104
20	15	288
20	16	241
20	17	106
20	18	463
20	19	338
20	21	215
20	22	445
20	23	354
20	24	361
20	25	496
20	26	500
20	27	21
20	28	399
20	29	10
20	30	412
20	31	82
20	32	154
20	33	494
20	34	171
20	35	257
20	36	312
20	37	72
20	38	443
20	39	450
20	40	13
20	41	25
20	42	420
20	43	175
20	45	204
20	46	476
20	47	408
20	48	430
20	49	139
20	50	126
20	51	403
20	52	109
20	53	34
20	54	121
20	55	472
20	56	255
20	57	360
20	58	354
20	59	233
20	60	490
20	61	75
20	62	481
20	63	86
20	64	310
20	65	432
20	66	38
20	67	101
20	69	328
20	70	144
20	71	315
20	72	10
21	1	14
21	2	215
21	3	219
21	4	297
21	5	357
21	6	377
21	7	112
21	8	449
21	9	286
21	10	66
21	11	126
21	12	12
21	13	18
21	14	26
21	15	44
21	16	205
21	17	128
21	18	206
21	19	214
21	20	253
21	22	191
21	23	494
21	24	125
21	25	439
21	26	163
21	27	114
21	28	62
21	29	345
21	30	144
21	31	90
21	32	372
21	33	37
21	34	421
21	35	446
21	36	70
21	37	338
21	38	345
21	39	466
21	40	93
21	41	243
21	42	225
21	43	218
21	44	439
21	46	463
21	47	411
21	48	315
21	49	191
21	50	38
21	51	402
21	52	72
21	53	95
21	54	309
21	55	258
21	56	455
21	57	459
21	58	126
21	59	296
21	60	415
21	61	371
21	62	187
21	63	9
21	64	472
21	65	401
21	66	51
21	67	474
21	68	289
21	70	464
21	71	166
21	72	201
22	1	160
22	2	182
22	3	160
22	4	8
22	5	208
22	6	373
22	7	482
22	8	470
22	9	393
22	10	334
22	11	302
22	12	186
22	13	113
22	14	359
22	15	90
22	16	159
22	17	332
22	18	341
22	19	405
22	20	81
22	21	230
22	23	100
22	24	70
22	25	259
22	26	202
22	27	141
22	29	422
22	30	491
22	31	7
22	32	370
22	33	378
22	34	330
22	35	335
22	36	272
22	37	372
22	38	323
22	39	249
22	40	45
22	41	99
22	42	302
22	43	491
22	44	64
22	45	261
22	47	464
22	48	342
22	49	126
22	50	9
22	51	424
22	52	18
22	53	320
22	54	388
22	55	173
22	56	136
22	57	56
22	58	302
22	59	486
22	60	485
22	61	258
22	62	435
22	63	470
22	64	303
22	65	204
22	66	159
22	67	323
22	68	65
22	69	431
22	71	88
22	72	235
23	1	243
23	2	417
23	3	2
23	4	71
23	5	96
23	6	41
23	7	79
23	8	71
23	9	475
23	10	161
23	11	310
23	12	289
23	13	324
23	14	433
23	15	388
23	16	402
23	17	168
23	18	324
23	19	452
23	20	20
23	21	92
23	22	231
23	24	466
23	25	12
23	26	190
23	27	367
23	28	466
23	29	429
23	30	484
23	31	371
23	32	164
23	33	485
23	34	335
23	35	271
23	36	445
23	37	408
23	38	423
23	39	153
23	40	243
23	41	441
23	42	462
23	43	309
23	44	262
23	45	374
23	46	173
23	48	251
23	49	41
23	50	353
23	51	417
23	52	202
23	53	338
23	54	182
23	55	229
23	56	181
23	57	320
23	58	293
23	59	56
23	60	192
23	61	487
23	62	313
23	63	125
23	64	301
23	65	29
23	66	332
23	67	340
23	68	412
23	69	318
23	70	226
23	72	25
24	1	488
24	2	494
24	3	369
24	4	140
24	5	361
24	6	184
24	7	145
24	8	308
24	9	305
24	10	500
24	11	213
24	12	490
24	13	374
24	14	336
24	15	79
24	16	304
24	17	212
24	18	479
24	19	366
24	20	98
24	21	308
24	22	360
24	23	42
24	25	203
24	26	484
24	27	102
24	28	153
24	29	338
24	30	172
24	31	221
24	32	210
24	33	338
24	34	120
24	35	464
24	36	321
24	37	290
24	38	378
24	39	196
24	40	416
24	41	86
24	42	79
24	43	326
24	44	1
24	45	485
24	46	451
24	47	317
24	49	491
24	50	71
24	51	48
24	52	478
24	53	435
24	54	204
24	55	449
24	56	150
24	57	96
24	58	293
24	59	493
24	60	234
24	61	136
24	62	82
24	63	186
24	64	414
24	65	90
24	66	417
24	67	262
24	68	19
24	69	163
24	70	190
24	71	158
25	2	323
25	3	100
25	4	166
25	5	315
25	6	355
25	7	111
25	8	256
25	9	356
25	10	91
25	11	8
25	12	405
25	13	477
25	14	482
25	15	56
25	16	179
25	17	331
25	18	238
25	19	487
25	20	188
25	21	440
25	22	9
25	23	439
25	24	34
25	26	474
25	27	119
25	28	150
25	29	412
25	30	181
25	31	395
25	32	169
25	33	138
25	34	147
25	35	131
25	36	278
25	37	427
25	38	96
25	39	164
25	40	454
25	41	95
25	42	222
25	43	335
25	44	24
25	45	119
25	46	37
25	47	494
25	48	430
25	50	358
25	51	394
25	52	103
25	53	351
25	54	336
25	55	427
25	56	118
25	57	156
25	58	74
25	59	24
25	60	60
25	61	221
25	62	177
25	63	328
25	64	448
25	65	1
25	66	102
25	67	361
25	68	456
25	69	83
25	70	412
25	71	444
25	72	197
26	1	28
26	3	344
26	4	10
26	5	58
26	6	99
26	7	84
26	8	55
26	9	434
26	10	378
26	11	413
26	12	376
26	13	301
26	14	208
26	15	448
26	16	390
26	17	205
26	18	427
26	19	389
26	20	170
26	21	183
26	22	429
26	23	41
26	24	110
26	25	371
26	27	45
26	28	356
26	29	46
26	30	442
26	31	12
26	32	385
26	33	200
26	34	265
26	35	464
26	36	295
26	37	190
26	38	309
26	39	410
26	40	181
26	41	180
26	42	425
26	43	143
26	44	105
26	45	55
26	46	67
26	47	457
26	48	166
26	49	368
26	51	421
26	52	306
26	53	111
26	54	109
26	55	427
26	56	489
26	57	198
26	58	295
26	59	57
26	60	66
26	61	261
26	62	418
26	63	287
26	64	410
26	65	187
26	66	25
26	67	248
26	68	85
26	69	330
26	70	399
26	71	294
26	72	448
27	1	414
27	2	267
27	4	221
27	5	139
27	6	223
27	7	479
27	8	493
27	9	289
27	10	4
27	11	162
27	12	483
27	13	271
27	14	12
27	15	229
27	16	236
27	17	211
27	18	423
27	19	55
27	20	369
27	21	390
27	22	39
27	23	95
27	24	61
27	25	437
27	26	209
27	28	370
27	29	16
27	30	199
27	31	10
27	32	367
27	33	101
27	34	262
27	35	391
27	36	486
27	37	40
27	38	490
27	39	45
27	40	432
27	41	348
27	42	486
27	43	473
27	44	357
27	45	434
27	46	96
27	47	130
27	48	206
27	49	243
27	50	324
27	52	405
27	53	73
27	54	81
27	55	407
27	56	362
27	57	207
27	58	471
27	59	230
27	60	235
27	61	213
27	62	393
27	63	286
27	64	246
27	65	420
27	66	262
27	67	302
27	68	192
27	69	168
27	70	58
27	71	396
27	72	405
28	1	478
28	2	106
28	3	323
28	5	445
28	6	329
28	7	422
28	8	197
28	9	121
28	10	406
28	11	109
28	12	165
28	13	209
28	14	246
28	15	96
28	16	124
28	17	110
28	18	57
28	19	395
28	20	2
28	21	265
28	22	79
28	23	96
28	24	199
28	25	491
28	26	194
28	27	466
28	29	136
28	30	385
28	31	451
28	32	347
28	33	121
28	34	213
28	35	499
28	36	63
28	37	275
28	38	177
28	39	229
28	40	369
28	41	406
28	42	122
28	43	421
28	44	171
28	45	239
28	46	499
28	47	154
28	48	363
28	49	155
28	50	352
28	51	84
28	53	311
28	54	13
28	55	10
28	56	493
28	57	343
28	58	198
28	59	363
28	60	2
28	61	485
28	62	192
28	63	272
28	64	298
28	65	337
28	66	34
28	67	261
28	68	493
28	69	148
28	70	317
28	71	403
28	72	253
29	1	310
29	2	52
29	3	451
29	4	376
29	6	122
29	7	42
29	8	477
29	9	445
29	10	211
29	11	201
29	12	331
29	13	413
29	14	323
29	15	299
29	16	391
29	17	86
29	18	393
29	19	152
29	20	218
29	21	266
29	22	299
29	23	121
29	24	62
29	25	83
29	26	369
29	27	71
29	28	43
29	30	89
29	31	189
29	32	489
29	33	195
29	34	231
29	35	71
29	36	249
29	37	472
29	38	8
29	39	382
29	40	24
29	41	307
29	42	328
29	43	489
29	44	404
29	45	360
29	46	315
29	47	445
29	48	257
29	49	229
29	50	301
29	51	440
29	52	292
29	54	344
29	55	479
29	56	199
29	57	395
29	58	294
29	59	288
29	60	33
29	61	351
29	62	188
29	63	166
29	64	285
29	65	266
29	66	490
29	67	155
29	68	182
29	69	106
29	70	59
29	71	324
29	72	453
30	1	71
30	2	296
30	3	126
30	4	348
30	5	37
30	8	51
30	9	345
30	10	65
30	11	10
30	12	370
30	13	156
30	14	46
30	15	219
30	16	493
30	17	316
30	18	281
30	19	457
30	20	294
30	21	120
30	22	448
30	23	253
30	24	330
30	25	31
30	26	427
30	27	88
30	28	224
30	29	462
30	31	228
30	32	73
30	33	209
30	34	59
30	35	314
30	36	399
30	37	432
30	38	227
30	39	467
30	40	210
30	41	306
30	42	192
30	43	125
30	44	476
30	45	138
30	46	281
30	47	170
30	48	73
30	49	282
30	50	376
30	51	283
30	52	118
30	53	219
30	55	319
30	56	401
30	57	162
30	59	414
30	60	396
30	61	228
30	62	456
30	63	106
30	64	480
30	65	248
30	66	120
30	67	183
30	68	160
30	69	164
30	70	134
30	71	227
30	72	70
31	1	130
31	2	77
31	3	264
31	4	206
31	5	82
31	6	65
31	8	64
31	9	115
31	10	291
31	11	334
31	12	203
31	13	183
31	14	453
31	15	449
31	16	3
31	17	325
31	18	141
31	19	99
31	20	341
31	21	107
31	22	66
31	23	459
31	24	129
31	25	284
31	26	122
31	27	178
31	28	457
31	29	338
31	30	292
31	32	423
31	33	26
31	34	493
31	35	312
31	36	407
31	37	70
31	38	25
31	39	168
31	40	133
31	41	166
31	42	242
31	43	210
31	44	230
31	45	359
31	46	377
31	47	395
31	48	206
31	49	399
31	50	392
31	51	315
31	52	219
31	53	40
31	54	98
31	56	316
31	57	289
31	58	346
31	59	409
31	60	351
31	61	251
31	62	395
31	63	342
31	64	206
31	65	447
31	66	435
31	67	447
31	68	343
31	69	178
31	70	354
31	71	349
31	72	157
32	1	317
32	2	230
32	3	300
32	4	435
32	5	157
32	6	50
32	7	106
32	9	232
32	10	328
32	11	34
32	12	7
32	13	396
32	14	353
32	15	176
32	16	178
32	17	374
32	18	108
32	19	441
32	20	145
32	21	361
32	22	223
32	23	351
32	24	378
32	25	465
32	26	361
32	27	433
32	28	139
32	29	351
32	30	300
32	31	289
32	33	442
32	34	27
32	35	219
32	36	228
32	37	244
32	38	403
32	39	101
32	40	270
32	41	73
32	42	62
32	43	459
32	44	466
32	45	321
32	46	280
32	47	439
32	48	429
32	49	131
32	50	39
32	51	121
32	52	464
32	53	387
32	54	8
32	55	432
32	57	183
32	58	41
32	59	419
32	60	310
32	61	109
32	62	254
32	63	408
32	64	80
32	65	319
32	66	41
32	67	255
32	68	274
32	69	306
32	70	253
32	71	459
32	72	451
33	1	173
33	2	162
33	3	353
33	4	164
33	5	268
33	6	439
33	7	446
33	8	146
33	10	402
33	11	107
33	12	150
33	13	72
33	14	233
33	15	436
33	16	9
33	17	192
33	18	87
33	19	245
33	20	366
33	21	46
33	22	215
33	23	245
33	24	208
33	25	97
33	26	214
33	27	246
33	28	32
33	29	148
33	30	408
33	31	133
33	32	153
33	34	47
33	35	148
33	36	488
33	37	78
33	38	123
33	39	46
33	40	416
33	41	209
33	42	265
33	43	134
33	44	457
33	45	314
33	46	34
33	47	67
33	48	352
33	49	397
33	50	26
33	51	10
33	52	278
33	53	493
33	54	350
33	55	53
33	56	342
33	58	156
33	59	315
33	60	360
33	61	122
33	62	494
33	63	293
33	64	444
33	65	486
33	66	409
33	67	369
33	68	484
33	69	492
33	70	123
33	71	101
33	72	410
34	1	293
34	2	18
34	3	181
34	4	81
34	5	326
34	6	315
34	7	463
34	8	342
34	9	438
34	11	294
34	12	223
34	13	290
34	14	28
34	15	109
34	16	147
34	17	372
34	18	430
34	19	35
34	20	458
34	21	9
34	22	257
34	23	184
34	24	212
34	25	410
34	26	348
34	27	123
34	28	442
34	29	467
34	30	324
34	31	347
34	32	411
34	33	472
34	35	113
34	36	112
34	37	218
34	38	104
34	39	150
34	40	50
34	41	219
34	42	58
34	43	159
34	44	106
34	45	376
34	46	433
34	47	27
34	48	471
34	49	320
34	50	63
34	51	326
34	52	47
34	53	299
34	54	166
34	55	160
34	56	174
34	57	393
34	59	51
34	60	438
34	61	92
34	62	367
34	63	104
34	64	449
34	65	487
34	66	264
34	67	306
34	68	328
34	69	282
34	70	423
34	71	176
34	72	296
35	1	160
35	2	235
35	3	262
35	4	160
35	5	202
35	6	313
35	7	328
35	8	99
35	9	149
35	10	176
35	12	75
35	13	329
35	14	136
35	15	183
35	16	475
35	17	224
35	18	446
35	19	53
35	20	221
35	21	271
35	22	168
35	23	106
35	24	450
35	25	162
35	26	113
35	27	90
35	28	461
35	29	458
35	30	152
35	31	231
35	32	102
35	33	4
35	34	256
35	36	271
35	37	465
35	38	449
35	39	133
35	40	291
35	41	274
35	42	221
35	43	431
35	44	421
35	45	49
35	46	159
35	47	245
35	48	438
35	49	348
35	50	74
35	51	31
35	52	165
35	53	126
35	54	415
35	55	167
35	56	128
35	57	285
35	58	284
35	60	490
35	61	433
35	62	288
35	63	361
35	64	204
35	65	483
35	66	25
35	67	464
35	68	285
35	69	492
35	70	455
35	71	343
35	72	305
36	1	485
36	2	491
36	3	376
36	4	427
36	5	378
36	6	265
36	7	37
36	8	267
36	9	290
36	10	335
36	11	332
36	13	272
36	14	443
36	15	260
36	16	98
36	17	343
36	18	335
36	19	360
36	20	174
36	21	185
36	22	308
36	23	93
36	24	384
36	25	368
36	26	363
36	27	409
36	28	256
36	29	107
36	30	268
36	31	385
36	32	239
36	33	443
36	34	445
36	35	59
36	37	60
36	38	357
36	39	5
36	40	423
36	41	317
36	42	428
36	43	347
36	44	243
36	45	319
36	46	229
36	47	161
36	48	370
36	49	416
36	50	88
36	51	283
36	52	30
36	53	17
36	54	199
36	55	258
36	56	43
36	57	241
36	58	191
36	59	275
36	61	230
36	62	82
36	63	66
36	64	142
36	65	339
36	66	155
36	67	465
36	68	55
36	69	343
36	70	481
36	71	183
36	72	41
37	1	169
37	2	97
37	3	325
37	4	207
37	5	6
37	6	225
37	7	158
37	8	139
37	9	363
37	10	393
37	11	347
37	12	41
37	14	407
37	15	176
37	16	393
37	17	321
37	18	104
37	19	274
37	20	343
37	21	252
37	22	345
37	23	164
37	24	80
37	25	101
37	26	435
37	27	147
37	28	234
37	29	466
37	30	36
37	31	428
37	32	399
37	33	421
37	34	209
37	35	353
37	36	484
37	38	360
37	39	339
37	40	21
37	41	408
37	42	303
37	43	174
37	44	317
37	45	478
37	46	466
37	47	482
37	48	383
37	49	218
37	50	431
37	51	432
37	52	86
37	53	411
37	54	329
37	55	377
37	56	377
37	57	56
37	58	255
37	59	476
37	60	429
37	62	183
37	63	84
37	64	370
37	65	430
37	66	385
37	67	497
37	68	289
37	69	49
37	70	199
37	71	377
37	72	295
38	1	319
38	2	150
38	3	352
38	4	490
38	5	314
38	6	291
38	7	381
38	8	71
38	9	500
38	10	348
38	11	347
38	12	306
38	13	484
38	15	215
38	16	321
38	17	397
38	18	333
38	19	49
38	20	134
38	21	427
38	22	394
38	23	463
38	24	480
38	25	215
38	26	499
38	27	348
38	28	437
38	29	70
38	30	401
38	31	62
38	32	138
38	33	294
38	34	66
38	35	79
38	36	111
38	37	371
38	39	356
38	40	96
38	41	77
38	42	80
38	43	493
38	44	245
38	45	5
38	46	211
38	47	424
38	48	443
38	49	111
38	50	470
38	51	260
38	52	233
38	53	221
38	54	90
38	55	416
38	56	333
38	57	225
38	58	345
38	59	43
38	60	85
38	61	89
38	63	111
38	64	119
38	65	474
38	66	465
38	67	235
38	68	60
38	69	345
38	70	115
38	71	340
38	72	225
39	1	192
39	2	368
39	3	181
39	4	276
39	5	66
39	6	468
39	7	416
39	8	276
39	9	468
39	10	146
39	11	151
39	12	52
39	13	305
39	14	237
39	16	499
39	17	211
39	18	202
39	19	27
39	20	15
39	21	445
39	22	169
39	23	358
39	24	182
39	25	467
39	26	439
39	27	234
39	28	46
39	29	131
39	31	116
39	32	482
39	33	52
39	34	25
39	35	354
39	36	320
39	37	315
39	38	12
39	40	161
39	41	181
39	42	362
39	43	114
39	44	492
39	45	428
39	46	201
39	47	283
39	48	272
39	49	156
39	50	486
39	51	292
39	52	262
39	53	469
39	54	104
39	55	133
39	56	415
39	57	317
39	58	441
39	59	343
39	60	331
39	61	346
39	62	359
39	64	79
39	65	351
39	66	56
39	67	376
39	68	243
39	69	76
39	70	286
39	71	464
39	72	339
40	1	338
40	2	170
40	3	399
40	4	410
40	5	462
40	6	31
40	7	56
40	8	369
40	9	226
40	10	132
40	11	32
40	12	409
40	13	374
40	14	53
40	15	456
40	17	258
40	18	479
40	19	278
40	20	423
40	21	252
40	22	484
40	23	21
40	24	342
40	25	252
40	26	326
40	27	15
40	28	230
40	29	249
40	30	333
40	31	139
40	32	17
40	33	5
40	34	176
40	35	241
40	36	363
40	37	280
40	38	463
40	39	484
40	41	294
40	42	223
40	43	364
40	44	13
40	46	267
40	47	437
40	48	272
40	49	212
40	50	221
40	51	135
40	52	276
40	53	345
40	54	363
40	55	125
40	56	478
40	57	349
40	58	128
40	59	351
40	60	461
40	61	361
40	62	400
40	63	247
40	65	5
40	66	309
40	67	290
40	68	329
40	69	288
40	70	8
40	71	335
40	72	324
41	1	135
41	2	436
41	3	294
41	4	421
41	5	456
41	6	349
41	7	314
41	8	346
41	9	73
41	10	235
41	11	367
41	12	6
41	13	74
41	14	177
41	15	358
41	16	334
41	18	5
41	19	417
41	20	116
41	21	433
41	22	235
41	23	416
41	24	229
41	25	443
41	26	459
41	27	109
41	28	286
41	29	220
41	30	472
41	31	236
41	32	260
41	33	242
41	34	337
41	35	116
41	36	12
41	37	222
41	38	440
41	39	136
41	40	69
41	42	368
41	43	379
41	44	103
41	45	455
41	46	259
41	47	147
41	48	192
41	49	68
41	50	65
41	51	369
41	52	469
41	53	246
41	54	263
41	55	488
41	56	78
41	57	496
41	58	112
41	59	393
41	60	311
41	61	478
41	62	354
41	63	278
41	64	286
41	66	70
41	67	168
41	68	454
41	69	224
41	70	268
41	71	251
41	72	329
42	1	114
42	2	453
42	3	17
42	4	476
42	5	168
42	6	385
42	7	4
42	8	201
42	9	342
42	10	61
42	11	399
42	12	237
42	13	107
42	14	283
42	15	223
42	16	114
42	17	130
42	19	239
42	20	60
42	21	283
42	22	234
42	23	249
42	24	144
42	25	468
42	26	76
42	27	238
42	28	23
42	29	408
42	30	21
42	31	1
42	32	31
42	33	414
42	34	180
42	35	256
42	36	230
42	37	347
42	38	9
42	39	263
42	40	15
42	41	208
42	43	435
42	44	329
42	45	352
42	46	63
42	47	8
42	48	447
42	49	255
42	50	226
42	51	296
42	52	457
42	53	255
42	54	481
42	55	451
42	56	206
42	57	299
42	58	15
42	59	51
42	60	380
42	61	374
42	62	468
42	63	455
42	64	433
42	65	2
42	67	269
42	68	366
42	69	38
42	70	159
42	71	254
42	72	173
43	1	325
43	2	469
43	3	193
43	4	62
43	5	422
43	6	211
43	7	139
43	8	377
43	9	189
43	10	180
43	12	13
43	13	481
43	14	460
43	15	446
43	16	48
43	17	146
43	18	476
43	20	34
43	21	132
43	22	412
43	23	472
43	24	74
43	25	81
43	26	487
43	27	463
43	28	366
43	29	127
43	30	224
43	31	436
43	32	265
43	33	238
43	34	443
43	35	113
43	36	191
43	37	49
43	38	406
43	39	93
43	40	222
43	41	188
43	42	367
43	44	56
43	45	106
43	46	21
43	47	189
43	48	83
43	49	75
43	50	381
43	51	139
43	52	371
43	53	373
43	54	291
43	55	227
43	56	251
43	57	405
43	58	242
43	59	176
43	60	136
43	61	367
43	62	434
43	64	193
43	65	387
43	66	436
43	68	345
43	69	35
43	70	39
43	71	120
43	72	279
44	1	482
44	2	338
44	3	48
44	4	194
44	5	322
44	6	403
44	7	5
44	8	176
44	9	319
44	10	229
44	11	258
44	12	180
44	13	107
44	14	219
44	15	36
44	16	226
44	17	7
44	18	336
44	19	36
44	21	248
44	22	28
44	23	347
44	24	15
44	25	417
44	26	24
44	27	417
44	28	23
44	29	92
44	30	492
44	31	272
44	32	249
44	33	275
44	34	190
44	35	17
44	36	479
44	37	414
44	38	301
44	39	382
44	40	42
44	41	229
44	42	122
44	43	109
44	45	81
44	46	234
44	47	496
44	48	305
44	49	450
44	50	97
44	51	96
44	52	70
44	53	177
44	54	276
44	55	15
44	56	470
44	57	477
44	58	9
44	59	179
44	60	114
44	61	486
44	62	457
44	63	207
44	64	11
44	65	397
44	66	333
44	67	434
44	69	364
44	70	109
44	71	57
44	72	458
45	1	178
45	2	70
45	3	172
45	4	80
45	5	27
45	6	360
45	7	313
45	8	270
45	9	398
45	10	282
45	11	329
45	12	213
45	13	458
45	14	155
45	15	227
45	16	197
45	17	66
45	18	446
45	19	171
45	20	258
45	22	241
45	23	424
45	24	361
45	25	75
45	26	129
45	27	309
45	28	175
45	29	199
45	30	352
45	31	140
45	32	38
45	33	268
45	34	75
45	35	453
45	36	108
45	37	193
45	38	251
45	39	16
45	40	319
45	41	384
45	42	66
45	43	480
45	44	408
45	46	138
45	47	216
45	48	395
45	49	33
45	50	236
45	51	489
45	52	36
45	53	453
45	54	212
45	56	21
45	57	112
45	58	376
45	59	97
45	60	192
45	61	217
45	62	82
45	63	243
45	64	335
45	65	207
45	66	223
45	67	396
45	68	154
45	70	190
45	71	496
45	72	50
46	1	356
46	2	347
46	3	375
46	4	335
46	5	274
46	6	398
46	7	169
46	8	286
46	9	204
46	10	302
46	11	480
46	12	126
46	13	245
46	14	394
46	15	147
46	16	405
46	17	137
46	18	417
46	19	374
46	20	363
46	21	342
46	23	230
46	24	120
46	25	171
46	26	313
46	27	14
46	28	22
46	29	325
46	30	493
46	31	431
46	32	276
46	33	190
46	34	200
46	35	375
46	36	109
46	37	392
46	38	482
46	39	466
46	40	215
46	41	218
46	42	432
46	43	260
46	44	217
46	45	330
46	47	167
46	48	51
46	49	195
46	50	142
46	51	326
46	52	320
46	53	234
46	54	383
46	55	328
46	56	185
46	57	46
46	58	5
46	59	209
46	60	329
46	61	91
46	62	108
46	63	170
46	64	310
46	65	164
46	66	487
46	67	128
46	68	88
46	69	224
46	71	25
46	72	434
47	1	41
47	2	481
47	3	483
47	4	102
47	5	357
47	6	287
47	7	176
47	8	464
47	9	165
47	10	28
47	11	285
47	12	225
47	13	400
47	14	111
47	15	259
47	16	276
47	17	272
47	18	87
47	19	25
47	20	396
47	21	162
47	22	37
47	24	204
47	25	356
47	26	185
47	27	53
47	28	108
47	29	126
47	30	14
47	31	106
47	32	489
47	33	266
47	34	129
47	35	297
47	36	471
47	37	37
47	38	196
47	39	324
47	40	118
47	41	267
47	42	287
47	43	468
47	44	211
47	45	411
47	46	67
47	48	342
47	49	134
47	50	11
47	51	297
47	52	384
47	53	241
47	54	257
47	55	303
47	56	372
47	57	153
47	58	382
47	59	248
47	60	444
47	61	175
47	62	210
47	63	162
47	64	399
47	65	30
47	66	226
47	67	420
47	68	242
47	69	249
47	70	163
47	72	276
48	1	360
48	2	53
48	3	118
48	4	415
48	5	388
48	6	224
48	7	385
48	8	280
48	9	450
48	10	49
48	11	405
48	12	410
48	13	292
48	14	66
48	15	361
48	16	192
48	17	301
48	18	341
48	19	254
48	20	209
48	21	172
48	22	84
48	23	297
48	25	342
48	26	401
48	27	262
48	28	485
48	29	355
48	30	230
48	31	26
48	32	157
48	33	265
48	34	49
48	35	182
48	36	98
48	37	86
48	38	187
48	39	482
48	40	434
48	41	227
48	42	18
48	43	142
48	44	428
48	45	165
48	46	29
48	47	115
48	49	57
48	50	147
48	51	441
48	52	357
48	53	2
48	54	196
48	55	118
48	56	453
48	57	214
48	58	265
48	59	175
48	60	262
48	61	238
48	62	303
48	63	393
48	64	229
48	65	492
48	66	335
48	67	332
48	68	231
48	69	391
48	70	471
48	71	220
49	2	468
49	3	462
49	4	407
49	5	463
49	6	324
49	7	168
49	8	129
49	9	110
49	10	290
49	11	65
49	12	153
49	13	269
49	14	154
49	15	325
49	16	362
49	17	494
49	18	413
49	19	437
49	20	372
49	21	304
49	22	204
49	23	146
49	24	150
49	26	427
49	27	156
49	28	469
49	29	263
49	30	356
49	31	397
49	32	98
49	33	482
49	34	161
49	35	256
49	36	65
49	37	253
49	38	366
49	39	243
49	40	102
49	41	298
49	42	95
49	43	54
49	44	282
49	45	46
49	46	211
49	47	251
49	48	40
49	50	114
49	51	262
49	52	47
49	53	312
49	54	61
49	55	422
49	56	389
49	57	405
49	58	474
49	59	35
49	60	255
49	61	280
49	62	171
49	63	397
49	64	336
49	65	196
49	66	365
49	67	41
49	68	358
49	69	190
49	70	334
49	71	270
49	72	85
50	1	345
50	3	65
50	4	372
50	5	40
50	6	299
50	7	473
50	8	63
50	9	162
50	10	358
50	11	472
50	12	259
50	13	165
50	14	291
50	15	372
50	16	42
50	17	288
50	18	101
50	19	41
50	20	151
50	21	449
50	22	184
50	23	240
50	24	244
50	25	241
50	27	468
50	28	400
50	29	466
50	30	73
50	31	499
50	32	242
50	33	369
50	34	250
50	35	378
50	36	38
50	37	425
50	38	3
50	39	24
50	40	60
50	41	292
50	42	349
50	43	225
50	44	25
50	45	270
50	46	304
50	47	110
50	48	169
50	49	300
50	51	359
50	52	111
50	53	486
50	54	41
50	55	191
50	56	324
50	57	397
50	58	7
50	59	158
50	60	78
50	61	486
50	62	437
50	63	270
50	64	158
50	65	405
50	66	35
50	67	241
50	68	437
50	69	136
50	70	377
50	71	475
50	72	15
51	1	148
51	2	433
51	4	186
51	5	109
51	6	389
51	7	454
51	8	217
51	9	483
51	10	479
51	11	190
51	12	277
51	13	364
51	14	377
51	15	381
51	16	332
51	17	498
51	18	106
51	19	149
51	20	64
51	21	208
51	22	158
51	23	288
51	24	50
51	25	495
51	26	301
51	28	380
51	29	315
51	30	276
51	31	470
51	32	223
51	33	437
51	34	429
51	35	124
51	36	461
51	37	68
51	38	319
51	39	214
51	40	314
51	41	138
51	42	39
51	43	57
51	44	265
51	45	57
51	46	402
51	47	115
51	48	470
51	49	387
51	50	416
51	52	25
51	53	398
51	54	444
51	55	359
51	56	472
51	57	355
51	58	493
51	59	338
51	60	36
51	61	347
51	62	6
51	63	83
51	64	75
51	65	96
51	66	99
51	67	459
51	68	83
51	69	193
51	70	422
51	71	357
51	72	175
52	1	135
52	2	370
52	3	188
52	5	174
52	6	242
52	7	372
52	8	203
52	9	362
52	10	248
52	11	91
52	12	369
52	13	236
52	14	144
52	15	472
52	16	391
52	17	61
52	18	265
52	19	396
52	20	403
52	21	317
52	22	463
52	23	220
52	24	35
52	25	340
52	26	315
52	27	250
52	29	32
52	30	202
52	31	293
52	32	424
52	33	407
52	34	284
52	35	212
52	36	477
52	37	242
52	38	185
52	39	403
52	40	151
52	41	188
52	42	179
52	43	119
52	44	445
52	45	112
52	46	467
52	47	12
52	48	199
52	49	453
52	50	451
52	51	446
52	53	391
52	54	405
52	55	374
52	56	176
52	57	211
52	58	201
52	59	222
52	60	281
52	61	480
52	62	14
52	63	65
52	64	495
52	65	284
52	66	280
52	67	403
52	68	201
52	69	161
52	70	464
52	71	7
52	72	421
53	1	493
53	2	400
53	3	184
53	4	481
53	6	455
53	7	200
53	8	478
53	9	159
53	10	436
53	11	187
53	12	228
53	13	156
53	14	102
53	15	447
53	16	494
53	17	246
53	18	247
53	19	76
53	20	169
53	21	372
53	22	147
53	23	379
53	24	107
53	25	77
53	26	292
53	27	80
53	28	139
53	30	464
53	31	427
53	32	18
53	33	23
53	34	420
53	35	208
53	36	31
53	37	124
53	38	391
53	39	183
53	40	346
53	41	106
53	42	497
53	43	475
53	44	368
53	45	216
53	46	125
53	47	419
53	48	380
53	49	359
53	50	69
53	51	229
53	52	382
53	55	450
53	56	355
53	57	124
53	58	166
53	59	22
53	60	74
53	61	383
53	62	479
53	63	344
53	64	119
53	65	253
53	66	13
53	67	38
53	68	341
53	69	476
53	70	424
53	71	205
53	72	203
54	1	114
54	2	187
54	3	239
54	4	382
54	5	215
54	7	465
54	8	437
54	9	260
54	10	471
54	11	143
54	12	78
54	13	70
54	14	231
54	15	257
54	16	42
54	17	157
54	18	222
54	19	139
54	20	415
54	21	336
54	22	195
54	23	163
54	24	299
54	25	327
54	26	463
54	27	381
54	28	85
54	29	330
54	31	19
54	32	197
54	33	418
54	34	431
54	35	492
54	36	457
54	37	483
54	38	332
54	39	219
54	40	401
54	41	88
54	42	222
54	43	164
54	44	74
54	45	69
54	46	485
54	47	222
54	48	65
54	49	135
54	50	56
54	51	480
54	52	348
54	53	89
54	55	293
54	56	80
54	57	78
54	58	52
54	59	113
54	60	261
54	61	265
54	62	317
54	63	464
54	64	416
54	65	301
54	66	304
54	67	129
54	68	270
54	69	9
54	70	280
54	71	352
54	72	464
55	1	55
55	2	379
55	3	311
55	4	131
55	5	327
55	6	139
55	8	210
55	9	319
55	10	87
55	11	28
55	12	363
55	13	312
55	14	85
55	15	119
55	16	102
55	17	208
55	18	209
55	19	242
55	20	77
55	21	293
55	22	342
55	23	215
55	24	437
55	25	190
55	26	121
55	27	18
55	28	124
55	29	246
55	30	124
55	32	370
55	33	251
55	34	35
55	35	208
55	36	36
55	37	363
55	38	406
55	39	462
55	40	8
55	41	49
55	42	133
55	43	143
55	44	80
55	45	52
55	46	342
55	47	133
55	48	142
55	49	464
55	50	283
55	51	430
55	52	311
55	53	233
55	54	124
55	56	117
55	57	64
55	58	407
55	59	394
55	60	201
55	61	58
55	62	73
55	63	12
55	64	495
55	65	202
55	66	170
55	67	255
55	68	221
55	69	165
55	70	62
55	71	45
55	72	370
56	1	220
56	2	343
56	3	277
56	4	265
56	5	50
56	6	62
56	7	62
56	9	187
56	10	265
56	11	201
56	12	118
56	13	420
56	14	415
56	15	279
56	16	363
56	17	278
56	18	468
56	19	193
56	20	451
56	21	434
56	22	254
56	23	274
56	24	121
56	25	466
56	26	117
56	27	269
56	28	236
56	29	480
56	30	286
56	31	255
56	33	377
56	34	244
56	35	189
56	36	100
56	37	150
56	38	241
56	39	137
56	40	459
56	41	277
56	42	22
56	43	464
56	44	112
56	45	45
56	46	366
56	47	88
56	48	440
56	49	366
56	50	474
56	51	482
56	52	223
56	53	458
56	54	465
56	55	10
56	57	386
56	58	299
56	59	271
56	60	35
56	61	271
56	62	255
56	63	149
56	64	203
56	65	178
56	66	95
56	67	71
56	68	468
56	69	344
56	70	156
56	71	429
56	72	231
57	1	394
57	2	46
57	3	219
57	4	247
57	5	425
57	6	351
57	7	230
57	8	28
57	10	225
57	11	286
57	12	127
57	13	428
57	14	228
57	15	466
57	16	478
57	17	480
57	18	358
57	19	326
57	20	371
57	21	429
57	22	348
57	23	179
57	24	173
57	25	192
57	26	113
57	27	168
57	28	493
57	29	219
57	30	492
57	31	42
57	32	378
57	34	166
57	35	100
57	36	113
57	37	440
57	38	153
57	39	324
57	40	454
57	41	77
57	42	311
57	43	23
57	44	495
57	45	393
57	46	383
57	47	386
57	48	324
57	49	443
57	50	471
57	51	27
57	52	154
57	53	235
57	54	276
57	55	200
57	56	225
57	58	95
57	59	498
57	60	421
57	61	225
57	62	166
57	63	395
57	64	282
57	65	178
57	66	456
57	67	219
57	68	369
57	69	165
57	70	363
57	71	209
57	72	404
58	1	7
58	2	199
58	3	416
58	4	255
58	5	30
58	6	344
58	7	147
58	8	389
58	9	155
58	11	343
58	12	118
58	13	477
58	14	359
58	15	47
58	16	241
58	17	401
58	18	227
58	19	80
58	20	137
58	21	21
58	22	99
58	23	473
58	24	323
58	25	344
58	26	482
58	27	402
58	28	155
58	29	412
58	30	83
58	31	378
58	32	115
58	33	15
58	35	64
58	36	277
58	37	333
58	38	259
58	39	363
58	40	223
58	41	217
58	42	201
58	43	237
58	44	215
58	45	75
58	46	423
58	47	397
58	48	336
58	49	314
58	50	395
58	51	293
58	52	341
58	53	210
58	54	53
58	55	132
58	56	492
58	57	133
58	59	177
58	60	202
58	61	268
58	62	496
58	63	189
58	64	126
58	65	283
58	66	82
58	67	288
58	68	338
58	69	419
58	70	354
58	71	421
58	72	393
59	1	31
59	2	310
59	3	154
59	4	304
59	5	221
59	6	375
59	7	285
59	8	357
59	9	176
59	10	21
59	12	468
59	13	291
59	14	226
59	15	473
59	16	257
59	17	284
59	18	431
59	19	458
59	20	254
59	21	390
59	22	35
59	23	29
59	24	330
59	25	320
59	26	415
59	27	140
59	28	75
59	29	213
59	30	72
59	31	277
59	32	432
59	33	282
59	34	341
59	36	362
59	37	268
59	38	242
59	39	15
59	40	89
59	41	332
59	42	1
59	43	152
59	44	431
59	45	349
59	46	280
59	47	190
59	48	282
59	49	314
59	50	205
59	51	309
59	52	154
59	53	70
59	54	13
59	55	394
59	56	434
59	57	42
59	58	361
59	60	4
59	61	156
59	62	46
59	63	388
59	64	292
59	65	151
59	66	97
59	67	73
59	68	235
59	69	28
59	70	167
59	71	271
59	72	425
60	1	390
60	2	427
60	3	131
60	4	196
60	5	446
60	6	125
60	7	237
60	8	348
60	9	368
60	10	87
60	11	78
60	13	488
60	14	495
60	15	391
60	16	281
60	17	469
60	18	391
60	19	450
60	20	302
60	21	432
60	22	381
60	23	21
60	24	35
60	25	50
60	26	262
60	27	64
60	28	27
60	29	312
60	30	27
60	31	340
60	32	449
60	33	98
60	34	426
60	35	148
60	37	137
60	38	169
60	39	270
60	40	334
60	42	127
60	43	455
60	44	265
60	45	408
60	46	286
60	47	277
60	48	331
60	49	423
60	50	235
60	51	265
60	52	28
60	53	259
60	54	463
60	55	250
60	56	421
60	57	338
60	58	387
60	59	250
60	61	479
60	62	296
60	63	339
60	64	343
60	65	403
60	66	167
60	67	200
60	68	163
60	69	267
60	70	366
60	71	281
60	72	427
61	1	447
61	2	168
61	3	487
61	4	439
61	5	342
61	6	159
61	7	481
61	8	319
61	9	44
61	10	131
61	11	248
61	12	245
61	14	378
61	15	200
61	16	102
61	17	295
61	18	464
61	19	117
61	20	206
61	21	415
61	22	357
61	23	167
61	24	123
61	25	233
61	26	85
61	27	61
61	28	1
61	29	416
61	30	138
61	31	361
61	32	197
61	33	354
61	34	132
61	35	308
61	36	365
61	38	258
61	39	479
61	40	241
61	41	132
61	42	399
61	43	152
61	44	425
61	45	187
61	46	7
61	47	139
61	48	165
61	49	60
61	50	289
61	51	477
61	52	335
61	53	193
61	54	99
61	55	204
61	56	444
61	57	332
61	58	297
61	59	30
61	60	473
61	62	299
61	63	364
61	64	204
61	65	50
61	66	194
61	67	240
61	68	468
61	69	272
61	70	45
61	71	27
61	72	323
62	1	307
62	2	357
62	3	384
62	4	177
62	5	487
62	6	60
62	7	384
62	8	264
62	10	363
62	11	102
62	12	297
62	13	72
62	15	273
62	16	463
62	17	21
62	18	47
62	19	396
62	20	114
62	21	279
62	22	146
62	23	280
62	24	211
62	25	343
62	26	322
62	27	12
62	28	65
62	29	409
62	30	415
62	31	83
62	32	309
62	33	375
62	34	98
62	35	223
62	36	295
62	37	196
62	39	268
62	40	17
62	41	490
62	42	472
62	43	6
62	44	430
62	45	437
62	46	185
62	47	238
62	48	234
62	49	332
62	50	87
62	51	182
62	52	323
62	53	263
62	54	214
62	55	465
62	56	370
62	57	462
62	58	289
62	59	338
62	60	60
62	61	388
62	63	29
62	64	185
62	65	246
62	66	190
62	67	129
62	68	396
62	69	419
62	70	330
62	71	442
62	72	396
63	1	435
63	2	188
63	3	355
63	4	11
63	5	270
63	6	397
63	7	270
63	8	94
63	9	485
63	10	222
63	11	37
63	12	138
63	13	260
63	14	373
63	16	357
63	17	476
63	18	139
63	19	333
63	20	295
63	21	69
63	22	200
63	23	45
63	24	376
63	25	497
63	26	272
63	27	474
63	28	36
63	29	301
63	30	210
63	31	216
63	32	64
63	33	459
63	34	91
63	35	427
63	36	291
63	37	354
63	38	307
63	40	36
63	41	435
63	42	392
63	43	288
63	44	425
63	45	77
63	46	95
63	47	316
63	48	414
63	49	204
63	50	203
63	51	283
63	52	210
63	53	75
63	54	332
63	55	3
63	56	162
63	57	337
63	58	75
63	59	124
63	60	258
63	61	368
63	62	130
63	64	136
63	65	187
63	66	236
63	67	40
63	68	401
63	69	137
63	70	19
63	71	444
63	72	324
64	1	104
64	2	457
64	3	38
64	4	142
64	5	194
64	6	492
64	7	201
64	8	135
64	9	440
64	10	427
64	11	280
64	12	481
64	13	21
64	14	443
64	15	426
64	17	462
64	18	416
64	19	316
64	20	273
64	21	72
64	22	63
64	23	290
64	24	384
64	25	259
64	26	472
64	27	463
64	28	433
64	29	407
64	30	172
64	31	429
64	32	251
64	33	204
64	34	185
64	35	187
64	36	431
64	37	161
64	38	369
64	39	25
64	41	397
64	42	120
64	43	440
64	44	125
64	45	407
64	46	397
64	47	128
64	48	418
64	49	247
64	50	447
64	51	209
64	52	207
64	53	12
64	54	419
64	55	117
64	56	235
64	57	116
64	58	463
64	59	286
64	60	500
64	61	27
64	62	457
64	63	298
64	65	117
64	66	378
64	67	61
64	68	234
64	69	125
64	70	207
64	71	282
64	72	246
65	1	383
65	2	150
65	3	147
65	4	151
65	5	19
65	6	360
65	7	261
65	8	427
65	9	438
65	10	136
65	11	16
65	12	246
65	13	318
65	14	150
65	15	321
65	16	265
65	18	18
65	19	105
65	20	368
65	21	264
65	22	439
65	23	429
65	24	205
65	25	358
65	26	300
65	27	2
65	28	166
65	29	102
65	30	379
65	31	197
65	32	477
65	33	28
65	34	29
65	35	427
65	36	410
65	37	257
65	38	432
65	39	165
65	40	269
65	42	58
65	43	234
65	44	100
65	45	160
65	46	165
65	47	88
65	48	489
65	49	309
65	50	136
65	51	98
65	52	414
65	53	229
65	54	336
65	55	412
65	56	351
65	57	192
65	58	123
65	59	215
65	60	38
65	61	113
65	62	277
65	63	269
65	64	374
65	66	27
65	67	22
65	68	167
65	69	26
65	70	145
65	71	77
65	72	287
66	1	23
66	2	250
66	3	80
66	4	274
66	5	304
66	6	235
66	7	399
66	8	229
66	9	138
66	10	174
66	11	28
66	12	111
66	13	366
66	14	224
66	15	495
66	16	7
66	17	116
66	19	217
66	20	319
66	21	134
66	22	364
66	23	253
66	24	365
66	25	49
66	26	445
66	27	367
66	28	282
66	29	262
66	30	83
66	31	473
66	32	320
66	33	48
66	34	383
66	35	488
66	36	369
66	37	106
66	38	160
66	39	478
66	40	193
66	41	61
66	43	337
66	44	229
66	45	367
66	46	132
66	47	279
66	48	218
66	49	478
66	50	311
66	51	38
66	52	412
66	53	23
66	54	72
66	55	40
66	56	422
66	57	175
66	58	244
66	59	384
66	60	454
66	61	261
66	62	287
66	63	170
66	64	250
66	65	104
66	67	500
66	68	431
66	69	152
66	70	8
66	71	377
66	72	253
67	1	469
67	2	289
67	3	390
67	4	58
67	5	80
67	6	178
67	7	271
67	8	168
67	9	383
67	10	285
67	11	45
67	12	80
67	13	175
67	14	375
67	15	306
67	16	174
67	17	169
67	18	257
67	20	433
67	21	432
67	22	340
67	23	78
67	24	318
67	25	158
67	26	499
67	27	420
67	28	173
67	29	279
67	30	377
67	31	497
67	32	252
67	33	361
67	34	27
67	35	467
67	36	288
67	37	75
67	38	415
67	39	158
67	40	169
67	41	333
67	42	24
67	44	251
67	45	348
67	46	178
67	47	154
67	48	240
67	49	284
67	50	204
67	51	72
67	52	270
67	53	204
67	54	460
67	55	79
67	56	454
67	57	59
67	58	75
67	59	151
67	60	460
67	61	311
67	62	409
67	63	282
67	64	118
67	65	56
67	66	283
67	68	193
67	69	276
67	70	251
67	71	480
67	72	441
68	1	284
68	2	382
68	3	141
68	4	252
68	5	484
68	6	198
68	7	381
68	8	322
68	9	192
68	10	270
68	11	162
68	12	421
68	13	64
68	14	13
68	15	431
68	16	482
68	17	426
68	18	183
68	19	265
68	21	324
68	22	127
68	23	255
68	24	218
68	25	143
68	26	350
68	27	405
68	28	216
68	29	26
68	30	278
68	31	203
68	32	101
68	33	438
68	34	62
68	35	168
68	36	10
68	37	284
68	38	141
68	39	310
68	40	128
68	41	203
68	42	132
68	43	38
68	45	477
68	46	63
68	47	127
68	48	126
68	49	493
68	50	29
68	51	463
68	52	389
68	53	163
68	54	320
68	55	249
68	56	16
68	57	383
68	58	254
68	59	192
68	60	33
68	61	115
68	62	55
68	63	184
68	64	97
68	65	189
68	66	99
68	67	456
68	69	310
68	70	96
68	71	21
68	72	232
69	1	498
69	2	459
69	3	29
69	4	334
69	5	275
69	6	78
69	7	281
69	8	60
69	9	488
69	10	76
69	11	182
69	12	343
69	13	140
69	14	330
69	15	55
69	16	477
69	17	409
69	18	161
69	19	149
69	20	114
69	22	153
69	23	19
69	24	42
69	25	225
69	26	98
69	27	294
69	28	168
69	29	291
69	30	208
69	31	166
69	32	304
69	33	227
69	34	447
69	35	96
69	36	99
69	37	352
69	38	275
69	39	332
69	40	193
69	41	137
69	42	18
69	43	173
69	44	409
69	46	94
69	47	8
69	48	212
69	49	41
69	50	136
69	51	33
69	52	42
69	53	18
69	54	459
69	55	243
69	56	77
69	57	147
69	58	437
69	59	360
69	60	238
69	61	375
69	62	242
69	63	486
69	64	61
69	65	239
69	66	37
69	67	60
69	68	301
69	70	151
69	71	63
69	72	344
70	1	95
70	2	42
70	3	25
70	4	68
70	5	235
70	6	24
70	7	207
70	8	90
70	9	30
70	10	425
70	11	384
70	12	171
70	13	454
70	14	387
70	15	241
70	16	313
70	17	370
70	18	126
70	19	399
70	20	262
70	21	240
70	23	294
70	24	127
70	25	244
70	26	291
70	27	45
70	28	92
70	29	156
70	30	319
70	31	163
70	32	179
70	33	351
70	34	249
70	35	3
70	36	427
70	37	117
70	38	382
70	39	53
70	40	373
70	41	321
70	42	110
70	43	200
70	44	146
70	45	213
70	47	141
70	48	44
70	49	308
70	50	417
70	51	218
70	52	61
70	53	500
70	54	463
70	55	366
70	56	65
70	57	46
70	58	183
70	59	454
70	60	135
70	61	356
70	62	360
70	63	16
70	64	405
70	65	178
70	66	170
70	67	172
70	68	380
70	69	36
70	71	230
70	72	205
71	1	187
71	2	339
71	3	279
71	4	417
71	5	336
71	6	148
71	7	255
71	8	221
71	9	411
71	10	423
71	11	204
71	12	253
71	13	482
71	14	230
71	15	462
71	16	284
71	17	346
71	18	185
71	19	94
71	20	343
71	21	66
71	22	396
71	24	442
71	25	232
71	26	447
71	27	294
71	28	105
71	29	383
71	30	266
71	31	414
71	32	425
71	33	443
71	34	398
71	35	372
71	36	41
71	37	384
71	38	403
71	39	463
71	40	103
71	41	291
71	42	23
71	43	25
71	44	237
71	45	36
71	46	100
71	48	470
71	49	383
71	50	474
71	51	152
71	52	379
71	53	28
71	54	184
71	55	284
71	56	213
71	57	105
71	58	377
71	59	359
71	60	132
71	61	431
71	62	258
71	63	369
71	64	325
71	65	415
71	66	104
71	67	64
71	68	317
71	69	184
71	70	31
71	72	265
72	1	81
72	2	481
72	3	287
72	4	393
72	5	20
72	6	335
72	7	195
72	8	168
72	9	442
72	10	353
72	11	319
72	12	102
72	13	427
72	14	399
72	15	64
72	16	476
72	17	388
72	18	228
72	19	162
72	20	83
72	21	467
72	22	486
72	23	245
72	25	292
72	26	110
72	27	164
72	28	216
72	29	133
72	30	79
72	31	235
72	32	247
72	33	337
72	34	479
72	35	48
72	36	132
72	37	167
72	38	149
72	39	131
72	40	244
72	41	400
72	42	125
72	43	306
72	44	335
72	45	387
72	46	159
72	47	388
72	49	326
72	50	268
72	51	280
72	52	209
72	53	287
72	54	348
72	55	88
72	56	184
72	57	342
72	58	263
72	59	321
72	60	309
72	61	406
72	62	385
72	63	409
72	64	164
72	65	190
72	66	266
72	67	104
72	68	416
72	69	48
72	70	61
72	71	106
